1052590322
1052590323
1052590324
1052590325
1052590326
1052590327
1052590328
1052590329
13401183621
13426076549
13426170418
13426362627
13426453787
13426490682
13439543971
13439680000
13439688569
13453104003
13453431860
13453431861
13466602304
13466623196
13466676972
13466683830
13488667195
13488780000
13488788535
13488808356
13501018591
13501057996
13501112188
13501145281
13501148567
13501151220
13501167618
13501173786
13501237638
13501258809
13501260027
13501282931
13501299704
13501365152
13511003688
13520085125
13520198783
13520307000
13520509301
13520560620
13520681718
13520788007
13520815939
13520940079
13521031813
13521170268
13521184787
13521416183
13521759005
13521759549
13521827883
13522011033
13522166072
13522281813
13522597993
13522616645
13522795371
13523032200
13552098563
13552133995
13552230328
13552329471
13552391501
13552678729
13552746344
13552916770
13581629970
13581756394
13581813966
13581841280
13581858558
13581866144
13581896957
13581913991
13581981649
13585300873
13601044083
13601159033
13601323011
13611163083
13611192700
13611261707
13611315825
13611326590
13613481860
13613484002
13613511414
13621319169
13621333826
13641045741
13641069211
13641225259
13643471414
13643511414
13643512424
13651051912
13651112398
13651170000
13651273851
13671016379
13671186287
13671286694
13676912999
13681038200
13681073173
13681085086
13681088255
13681117014
13681121883
13681220284
13681247809
13681323331
13681394475
13681459252
13683343923
13691036100
13691040960
13691073730
13691235001
13691526717
13691538270
13691558989
13691578166
13693046400
13693116129
13693136841
13693158501
13693579794
13693639919
13699213537
13699233525
13701169375
13701192368
13701319240
13701339019
13703996962
13706129858
13716044581
13716290236
13716377805
13716618081
13716755465
13716808430
13716881728
13717652687
13717940286
13718058263
13718125929
13718266228
13718961316
13753167385
13754895835
13776808881
13776808882
13776888747
13801018815
13801024872
13801156782
13801278662
13801320768
13810009788
13810050695
13810051488
13810112434
13810122214
13810170625
13810268653
13810383524
13810389919
13810396115
13810502080
13810507654
13810554439
13810621657
13810676124
13810725983
13810772801
13810772810
13810783099
13810885172
13810891641
13810960213
13810983026
13811064763
13811068805
13811094505
13811218997
13811267215
13811372510
13811378201
13811551164
13811565949
13811612442
13811620521
13811636915
13811650309
13811651067
13811684106
13811817700
13811929802
13811977328
13811989476
13811995359
13813650972
13813651597
13813688023
13814037845
13835134331
13851775414
13901219224
13901222846
13901287286
13901720966
13905180563
13905181906
13905518190
13906110153
13906115156
13906115733
13906116209
13906117562
13906117993
13906118670
13906119829
13906119877
13906129389
13910029720
13910036903
13910051026
13910082125
13910103103
13910138524
13910149689
13910186041
13910192045
13910206700
13910208021
13910218536
13910282196
13910282321
13910296832
13910323870
13910386231
13910508372
13910699300
13910709797
13910797887
13910810650
13910866123
13910907367
13910970423
13910977293
13911046015
13911075015
13911123390
13911197706
13911267931
13911308326
13911316576
13911411653
13911448996
13911657760
13911660245
13911683715
13911711788
13911757225
13911776368
13911778862
13911785318
13911794998
13911893008
13911982773
13911991287
13934248085
13951219984
13951238988
13953130020
13957102606
15001098054
15001261302
15001291309
15010005921
15010348381
15010387986
15010390079
15010633601
15011426780
15011449490
15120075891
15201134311
15201161732
15210309550
15210470945
15210680150
15710091287
15801155641
15801279276
15801369963
15801390006
15801515100
15801580000
15801633813
15810084733
15810118798
15810120643
15810129231
15810209251
15810257358
15810296655
15810333756
15810501106
15810505837
15810507156
15810585781
15810812962
15810908232
15810936858
15811004259
15811138917
15811153611
15811166348
15811545211
15901187281
15901239367
15901251686
15902270592
15910391089
15910500461
15910690672
15910702800
15910702877
15910748650
15910809618
15911078535
15911132560
18201689633
18211189420
18701589396
18710151183
18801287457
18810610389
18811210979
